# Model: detr-resnet-101
# Num images: 1000
# Generated: 2026-01-07 03:03:03.054973
#==================================================
252219
87038
480985
386912
348881
181666
143931
463730
308394
456496
85329
329323
239274
233771
301867
312421
185250
356427
360661
266409
430961
80671
476258
448365
35197
349860
180135
400573
370677
502737
515579
515445
438862
180560
321214
474028
355257
199551
514508
473237
78915
551215
544519
96493
23899
559842
434230
428454
399462
261061
383384
326541
231339
508730
368294
301135
580294
494869
33638
329219
356387
214720
278848
48153
459153
295713
273132
566524
476415
292082
360137
122046
352684
512836
8021
84477
562243
292236
288042
500257
334719
283520
319721
347265
414170
118921
785
261982
99242
314709
541055
409475
464786
578545
363207
372577
212166
294831
323355
9483
398237
507223
239537
281414
537991
321333
108026
243204
38829
187243
534827
190756
482917
412894
537153
392722
264535
458755
130599
456559
101068
140640
385190
21903
337055
34139
121031
464089
453708
261116
43314
273715
456303
406611
475064
137246
162092
263969
551439
474167
554735
386352
311394
578489
491366
448076
221291
199310
89648
151000
100624
332570
117645
202228
403565
441586
97679
99054
570539
559956
11197
483667
448810
21167
384468
253742
186873
64462
68387
345466
118367
163640
1490
329456
252776
201072
18150
518770
201646
59044
172946
234607
532690
323895
384670
50326
162035
415727
46252
182021
90284
286553
450686
5060
286523
120420
579655
297578
458992
164602
67180
126226
190923
150265
38048
525155
163314
259571
236166
153529
219271
460841
558114
163257
361551
342971
361919
138115
374369
123213
357742
439854
465836
414385
322724
481390
579635
295316
183127
115898
146358
290163
223959
326248
293625
411817
215259
147729
579307
154425
404923
130586
163057
67406
248752
450303
137294
311180
349184
446651
227478
327601
255749
148719
489842
61418
277020
47828
183716
271997
8532
390555
68409
2299
11051
66038
360960
504589
23034
506656
272566
424551
341719
72795
43816
455555
535306
30504
93353
473118
97278
567640
532493
45550
410456
441286
885
229849
39551
193348
341681
83172
343524
388056
235836
343218
205105
497599
232684
144784
167486
488673
163562
492362
232563
520910
206411
17436
177934
165518
571718
289222
372819
87144
60347
420916
439715
284991
78843
13659
466125
414795
508101
253386
338624
378454
476215
297698
247917
439522
26690
176901
334767
301563
86755
194471
420281
99810
334483
482275
404805
2261
425702
361238
3934
47740
77460
14439
447314
181303
58350
286182
433980
380913
32887
213035
399205
350002
57150
363666
481573
123480
493286
284698
102356
8690
381639
284445
273198
183675
290248
532058
578093
301061
105264
370711
25393
471087
106757
183648
358525
519688
130699
405249
235784
537506
119445
507015
173830
373315
13546
67310
125936
389109
128476
414034
99182
351823
65736
1000
559543
185890
357978
129492
410510
39951
306700
146457
332845
93437
413552
17379
507975
314177
180383
103548
568439
138979
563653
73702
86483
521141
61268
393093
198510
133567
415990
190140
32901
267191
422836
213547
456015
547886
69356
162415
274708
377113
430377
512776
95155
184978
199055
431848
128699
121591
176799
424521
254016
73946
230819
82715
497344
361147
541123
343706
199395
514797
279774
474078
872
32038
261732
306139
280930
384136
173057
228214
183709
57672
283785
467511
513580
566436
507797
315492
369675
505638
70254
316054
511999
297022
407083
212226
394206
220858
453166
6894
279927
161032
415748
437239
382111
317433
132408
191288
260106
100510
441442
140270
553990
97924
331799
326542
576566
327306
378873
94944
151051
93717
394510
18193
43435
403584
40757
342128
503755
320642
235778
494759
409542
119995
369323
127270
297084
168337
173302
54654
224119
140556
82696
258793
469067
448256
549390
364102
13291
440336
488251
229601
427160
437205
434204
289417
309467
473121
327605
451084
22479
243148
249786
581062
185950
44195
364126
354307
170191
201426
179487
445999
91500
426836
557916
99024
305309
311928
196141
136915
533816
522889
548246
37988
527427
74256
154644
474039
461751
466986
465179
542856
389532
429718
563604
78565
116439
274219
143961
212573
319369
252716
64868
205324
48555
244099
10764
537827
329827
500270
308165
544444
378244
90956
313562
258388
358195
3553
253819
278705
187990
51938
188296
45090
347174
341196
302990
262587
117719
309678
107339
468501
511760
361730
427077
346968
229216
563882
483999
58705
323263
248334
400803
422706
178982
408696
144300
7816
152120
308631
391375
340451
158956
100723
442456
79229
188439
151480
46872
289229
281929
257896
179174
393115
370813
442746
396863
576052
51712
282037
476770
220764
312720
568981
461009
563648
532855
38210
563349
250901
74457
190007
177357
185292
493864
102820
51976
381360
304812
258883
55950
175251
368212
300341
445792
284743
341828
546976
45596
232649
192699
575187
302452
353180
484893
570664
563702
445722
496597
389316
21604
255536
455157
486112
103723
530162
273232
184611
163118
6954
128654
459195
481582
227898
411530
542127
130579
451043
552842
190841
38678
161799
87476
490515
445602
400044
210230
80273
193429
69224
517056
187362
21879
252701
398203
463802
96427
189775
376900
359540
174371
168883
383606
561256
365642
459634
362682
396518
290293
61960
477689
258541
423506
510329
308328
339823
55150
323799
352582
166747
12748
79014
60886
8844
108495
438955
421060
7977
489924
15597
528314
401250
72281
111207
129812
336209
558213
492968
23359
63047
426376
327592
567011
104424
563281
325483
559348
276804
427256
208363
326970
478420
411754
369503
456662
500716
411938
418062
489339
560474
380706
136715
479912
545594
531036
516143
42628
369442
151657
495146
352491
313454
20571
4134
215072
223955
269316
391290
132931
153669
434548
556158
407002
493442
559160
186042
443844
359833
188592
71877
419408
125472
428111
145665
581206
532481
398742
248400
63965
498807
475191
316404
467315
261535
203864
357888
124442
93261
474344
264968
88345
6771
545100
66886
435205
146155
508370
67213
102331
37670
389812
553776
491090
169076
52007
49259
278749
401862
267169
566282
67534
408120
132796
47585
11699
198489
9448
82986
470952
271471
447465
397351
33104
161781
24567
480936
364557
257624
149770
240023
292446
117744
271402
122962
289059
488166
371042
406129
327701
575081
144984
74646
22705
187734
462643
505789
243034
144333
261888
480021
130826
500477
375493
494188
60823
344268
81594
286503
562207
182805
539962
409198
291619
330396
241677
275392
5529
197658
388903
573258
107094
457559
142238
416343
5193
479953
409211
127530
223182
362716
321790
463174
152686
126137
183391
444142
273760
170474
287347
179642
382009
75612
463918
449579
527215
468965
405279
216296
248616
484978
25394
550714
464476
11149
17207
244833
8211
31817
363875
366884
551794
94326
306136
88848
29397
389684
527616
1353
185472
155341
492284
365745
172648
399764
151938
411953
580197
320743
453001
292155
521259
88485
127263
242724
206838
367818
54931
554328
470779
32735
407298
463542
