# Model: faster_rcnn_resnet50
# Num images: 1000
# Generated: 2026-01-07 01:23:01.787451
#==================================================
252219
87038
174482
480985
296649
386912
348881
522713
181666
17627
143931
303818
463730
460347
322864
308394
456496
184321
565778
418281
25560
85329
329323
239274
511321
233771
301867
185250
356427
360661
266409
430961
80671
476258
448365
35197
349860
180135
486438
370677
502737
515579
515445
438862
180560
321214
474028
355257
142092
63154
199551
514508
473237
78915
551215
544519
96493
23899
57597
434230
428454
399462
261061
168330
524456
326541
213086
231339
508730
368294
301135
580294
33638
356387
367680
379453
278848
166391
48153
459153
295713
273132
87875
458109
30675
566524
338428
476415
292082
360137
122046
352684
512836
8021
107226
84477
562243
177015
292236
121506
288042
334719
283520
319721
347265
414170
231508
118921
785
261982
99242
314709
541055
409475
464786
363207
372577
212166
294831
323355
555412
9483
398237
239537
281414
537991
321333
108026
243204
38829
555050
187243
534827
190756
300659
199977
442480
384350
383621
189828
412894
537153
361103
392722
338560
264535
458755
130599
456559
101068
140640
516708
544605
385190
338986
53994
79837
21903
337055
34139
83113
121031
453708
261116
273715
475064
466567
226903
162092
551439
554735
386352
311394
578489
491366
221291
199310
151000
100624
332570
117645
202228
403565
441586
530099
97679
485802
99054
570539
158548
176606
559956
11197
483667
448810
375278
465675
21167
148730
384468
253742
186873
64462
314182
68387
345466
118367
163640
1490
329456
260470
252776
201072
18150
521405
518770
201646
59044
172946
234607
532690
323895
384670
50326
162035
415727
46252
182021
90284
450686
5060
286523
579655
117908
297578
458992
164602
101762
203317
488270
67180
126226
190923
150265
38048
354829
525155
163314
259571
561679
153529
379800
253835
569565
219271
205647
460841
123131
334006
174004
87470
9769
558114
163257
361551
236784
342971
361919
138115
374369
357742
439854
465836
414385
322724
481390
579635
295316
183127
115898
223959
411817
215259
147729
579307
154425
432898
404923
130586
163057
67406
248752
54593
137294
410880
311180
349184
74058
210273
446651
194875
52017
336309
227478
339870
327601
255749
8762
526392
580757
165039
148719
108440
489842
579818
423229
334555
196759
61418
526751
277020
47828
183716
271997
8532
390555
68409
2299
11051
360960
421455
504589
23034
506656
272566
424551
341719
72795
43816
455555
535306
30504
93353
473118
97278
567640
532493
410456
441286
279541
885
229849
39551
193348
341681
83172
343524
388056
235836
343218
205105
513283
497599
232684
144784
167486
191013
163562
232563
520910
206411
472375
17436
177934
165518
571718
459467
135673
134886
289222
372819
310072
87144
430875
60347
42070
420916
296224
122606
311909
439715
284991
389566
78843
225532
395633
419096
414795
508101
253386
530854
338624
378454
476215
247917
439522
26690
176901
334767
301563
86755
194471
420281
99810
404805
2261
425702
361238
77460
14439
181303
58350
26465
433980
380913
32887
399205
350002
334399
57150
169996
226417
481573
123480
274687
493286
345027
230008
284698
102356
456394
323709
452122
579158
33114
8690
381639
284445
468124
187144
273198
95843
417779
447342
490125
183675
532058
214200
578093
369751
429011
301061
105264
370711
25393
471087
106757
183648
358525
519688
130699
405249
235784
537506
119445
507015
173830
373315
13546
67310
125936
128476
414034
99182
351823
65736
1000
559543
185890
129492
410510
306700
332845
334309
413552
89556
86220
508602
10363
17178
507975
314177
313182
538364
149406
180383
449996
103548
15338
512564
336658
568439
372317
476704
260266
106048
177893
315450
171050
243867
263594
147725
88432
138979
100283
563653
113051
73702
86483
521141
61268
393093
493566
198510
126592
416269
133567
521052
332318
415990
460147
190140
126216
84270
267191
213547
456015
547886
69356
162415
274708
377113
430377
512776
95155
184978
199055
431848
128699
121591
176799
424521
254016
73946
230819
82715
27696
497344
361147
343706
199395
514797
279774
474078
872
32038
261732
564091
280930
384136
173057
475572
183709
57672
138639
110884
139099
467511
291791
343934
273551
513580
213816
101787
221754
522751
503841
274272
127092
507797
146498
369675
151857
505638
475387
70254
539143
508917
448410
316054
201148
231169
511999
488664
444879
287874
297022
407083
212226
394206
220858
289741
453166
6894
161032
437239
348243
382111
317433
132408
191288
260106
100510
441442
140270
553990
97924
331799
326542
576566
327306
94944
151051
93717
394510
18193
160728
43435
40757
35062
35279
503755
320642
235778
494759
409542
427055
119995
369323
127270
168337
226408
54654
152771
309391
480944
554291
502599
224119
537964
542423
344909
140556
82696
189698
19109
206994
523241
67616
258793
413395
469067
448256
549390
401991
364102
13291
440336
488251
229601
427160
437205
434204
289417
309467
473121
327605
451084
22479
243148
581062
185950
44195
364126
354307
170191
179487
445999
426836
557916
99024
305309
311928
384949
196141
136915
533816
522889
548246
37988
325838
154644
474039
461751
466986
465179
567197
498286
153217
206487
565012
455085
542856
427500
15517
213605
389532
39670
429718
563604
496722
78565
116439
107851
274219
105923
166664
212573
319369
26941
252716
64868
205324
48555
244099
460682
50679
10764
537827
329827
500270
308165
544444
378244
90956
313562
258388
358195
3553
253819
278705
187990
51938
188296
45090
347174
341196
439525
329455
302990
262587
117719
107339
468501
511760
361730
427077
346968
229216
563882
58705
323263
248334
400803
422706
78823
527220
178982
408696
144300
7816
152120
308631
517523
5477
15272
391375
69138
432553
315187
76417
196843
138550
244019
439623
343315
340451
436883
459500
338718
50165
158956
311883
431896
442456
79229
188439
151480
46872
489014
289229
281929
257896
179174
393115
370813
442746
369541
381971
396863
576052
51712
476770
220764
312720
568981
461009
563648
532855
38210
563349
250901
74457
190007
177357
185292
493864
102820
51976
381360
304812
258883
55950
175251
368212
190637
300341
284743
132375
341828
546976
423123
45596
232649
70774
172330
192699
44652
575187
319607
302452
201934
353180
423519
516804
441468
277005
484893
130386
221213
534639
106281
570664
563702
445722
496597
389316
21604
267940
486112
103723
530162
266981
184611
17029
163118
6954
128654
459195
481582
227898
411530
542127
130579
451043
552842
190841
38678
161799
87476
490515
445602
400044
210230
80273
193429
69224
187362
21879
252701
398203
518326
463802
96427
189775
376900
359540
174371
168883
356424
492077
383606
561256
357737
365642
410878
48924
140420
459634
488385
520009
362682
396518
290293
474164
356612
61960
410612
477689
258541
423506
510329
139872
308328
339823
55150
323799
352582
166747
12748
79014
60886
8844
108495
438955
489924
15597
528314
401250
72281
111207
129812
336209
558213
492968
23359
63047
426376
364884
327592
567011
292024
104424
563281
559348
276804
427256
208363
326970
478420
