# Model: yolov5x
# Num images: 1000
# Generated: 2026-01-07 01:21:11.910999
#==================================================
397133
37777
252219
87038
174482
403385
6818
480985
458054
331352
296649
386912
502136
491497
184791
348881
289393
522713
181666
17627
143931
303818
463730
460347
322864
153299
308394
456496
41888
184321
565778
297343
336587
122745
219578
555705
443303
500663
418281
25560
403817
85329
329323
239274
286994
511321
314294
233771
475779
301867
312421
185250
356427
572517
270244
516316
125211
562121
360661
16228
382088
266409
430961
80671
577539
104612
476258
448365
35197
349860
180135
486438
400573
109798
370677
238866
369370
502737
515579
515445
173383
438862
180560
39956
321214
474028
66523
355257
142092
63154
199551
514508
473237
228144
206027
78915
551215
544519
96493
23899
340175
578500
366141
57597
559842
434230
428454
399462
261061
168330
383384
342006
217285
236412
524456
153343
95786
326541
213086
231339
508730
550426
368294
171190
301135
580294
494869
33638
329219
34873
186980
127182
356387
367680
263796
117425
365387
487583
504711
363840
214720
379453
311295
29393
278848
166391
48153
459153
295713
223130
273132
198960
344059
410428
87875
450758
460160
458109
30675
566524
338428
545826
166277
476415
292082
360137
122046
352684
512836
8021
107226
84477
562243
181859
177015
292236
121506
288042
453860
500257
113403
125062
375015
334719
134112
283520
31269
319721
347265
414170
231508
389381
118921
21503
785
300842
105014
261982
99242
314709
460494
339442
541055
409475
464786
378605
331817
218091
578545
363207
372577
212166
172571
294831
84431
323355
355325
4495
9483
326082
398237
507223
31050
239537
11813
281414
537991
321333
521282
108026
243204
177935
38829
397327
501523
555050
376442
187243
356347
293044
560279
42276
534827
190756
482917
300659
199977
442480
384350
383621
189828
412894
537153
361103
392722
338560
264535
295231
154947
212559
458755
104782
315257
130599
227187
151662
523811
456559
101068
140640
516708
544605
385190
338986
53994
61171
314034
291490
152740
24919
79837
21903
564133
337055
110638
34139
80340
83113
173033
255664
72813
545129
546011
121031
172547
369081
509131
578922
464089
453708
177714
459887
261116
396274
29640
141328
308430
43314
273715
456303
406611
475064
466567
137246
15079
296284
226147
226903
127517
162092
366611
263969
551439
474167
159458
554735
386352
173004
311394
578489
189310
491366
448076
293804
312237
221291
141821
410650
199310
323151
89648
219283
471869
520264
111179
151000
100624
332570
57238
502732
135561
8277
173044
168458
512194
370042
189436
533958
117645
221708
202228
403565
211042
492878
441586
547816
306733
530099
312278
97679
564127
251065
3845
138819
205834
348708
166521
485802
99054
22969
570539
278353
158548
461405
176606
44699
559956
11197
483667
448810
724
51961
375278
302165
131131
98839
402992
465675
240754
21167
384468
253742
186873
82180
446522
552902
125405
110211
16010
64462
314182
248980
68387
345466
352900
118367
113235
311303
163640
1490
329456
570471
88269
260470
193494
252776
201072
18150
337498
521405
518770
201646
36936
59044
172946
234607
532690
323895
384670
50326
205542
217957
162035
415727
46252
182021
231747
90284
286553
488736
63602
383386
450686
5060
286523
120420
579655
117908
550322
218362
213224
297578
458992
78266
164602
440475
101762
557501
203317
368940
569917
144798
284623
520301
127987
63740
36494
210032
488270
67180
281179
64359
126226
190923
150265
216739
38048
354829
525155
163314
259571
561679
236166
153529
473015
379800
253835
34071
36861
569565
219271
205647
460841
123131
334006
511599
174004
519764
137576
87470
9769
558114
205776
163257
475678
85478
318080
361551
236784
92839
42296
560266
486479
127955
307658
417465
342971
11760
69106
70158
176634
281447
552371
361919
560256
138115
114871
374369
123213
357742
439854
465836
414385
131556
322724
320664
481390
276434
579635
295316
571313
183127
115898
146358
329542
189752
290163
91406
322352
223959
326248
218439
453722
293625
411817
546964
215259
573094
560011
38576
147729
579307
154425
432898
404923
130586
163057
7511
67406
290179
248752
54593
116208
340697
450303
494427
137294
410880
311180
91654
181796
2431
349184
298396
472046
74058
58029
134096
111951
103585
210273
352584
446651
194875
52017
336309
227478
339870
80666
33707
327601
255749
8762
526392
535578
580757
165039
148719
108440
489842
579818
423229
323828
166287
101420
334555
196759
61418
526751
277020
47828
183716
271997
8532
94336
390555
250282
68409
2299
11051
66038
360960
360097
504589
464522
454750
509735
23034
141671
506656
272566
424551
341719
72795
417285
2157
43816
455555
535306
30504
93353
530052
473118
91779
283113
226130
97278
567640
532493
45550
156643
430056
410456
441286
279541
885
378284
156076
143572
229849
39551
56344
193348
16958
572678
106235
341681
83172
343524
395801
388056
259690
235836
343218
205105
513283
176446
371677
308531
497599
455352
236914
232684
415238
290843
519522
144784
167486
392228
488673
191013
80057
570169
224807
163562
136355
492362
102707
232563
10977
51598
32285
520910
131273
206411
472375
17436
177934
165518
571718
459467
135673
134886
485895
287545
577182
289222
372819
310072
87144
430875
60347
42070
420916
453584
296224
122606
311909
579893
284296
221017
315001
439715
284991
389566
78843
122927
225532
13659
153568
395633
419096
203488
361268
414795
508101
253386
222991
530854
351810
338624
138492
263463
226592
378454
20059
227686
476215
297698
247917
439522
479448
424721
26690
558854
176901
334767
301563
86755
194471
420281
533206
99810
334483
89670
482275
404805
2261
425702
36844
12576
361238
108253
319935
3934
29596
47740
77460
14439
571893
447314
181303
58350
26465
246968
536947
286182
433980
561366
380913
32887
517687
213035
399205
349837
350002
131431
356248
334399
57150
363666
507235
169996
226417
481573
56127
123480
274687
164637
178028
493286
348216
345027
571804
140658
102644
581615
279887
230008
284698
102356
456394
323709
452122
579158
525322
33114
8690
381639
217614
284445
468124
187144
273198
95843
417779
447342
166563
490125
561009
183675
290248
532058
214200
578093
369751
429011
301061
105264
267434
25393
471087
106757
183648
358525
49269
79144
519688
431727
130699
215245
91921
218424
473974
405249
235784
521540
537506
119445
507015
173830
435081
18575
373315
227765
13546
67310
125936
389109
322211
184384
426329
128476
414034
450488
99182
51738
99039
75456
134882
442323
232489
351823
65736
1000
379842
13923
559543
185890
357978
129492
261097
410510
39951
306700
146457
214224
332845
255483
187271
462629
544565
369771
35963
289516
334309
452084
301718
429598
165257
93437
413552
62025
17379
176778
104572
90108
157124
89556
86220
508602
10363
17178
507975
314177
313182
538364
149406
180383
449996
168619
209613
103548
469652
15338
512564
336658
568439
372317
476704
260266
106048
177893
479099
269196
315450
171050
243867
263594
147725
88432
272364
138979
519491
100283
563653
345361
113051
475732
108244
