# Model: faster_rcnn_mobilenet_320
# Num images: 1000
# Generated: 2026-01-07 07:38:07.079821
#==================================================
252219
174482
296649
386912
181666
17627
143931
303818
397133
87038
348881
463730
460347
322864
308394
456496
184321
565778
25560
85329
329323
239274
511321
233771
301867
185250
356427
360661
266409
430961
80671
476258
448365
35197
349860
180135
486438
400573
370677
502737
515579
515445
438862
180560
321214
474028
63154
199551
514508
473237
78915
551215
544519
96493
23899
57597
559842
428454
399462
261061
383384
342006
217285
524456
326541
213086
231339
508730
368294
171190
301135
580294
494869
33638
329219
356387
367680
117425
214720
379453
278848
166391
48153
459153
295713
273132
198960
87875
458109
30675
566524
476415
292082
122046
352684
512836
8021
107226
562243
177015
292236
288042
500257
334719
283520
319721
347265
414170
231508
118921
785
261982
99242
314709
541055
409475
331817
363207
372577
212166
172571
294831
323355
9483
398237
507223
239537
281414
537991
321333
108026
243204
38829
555050
187243
534827
190756
199977
442480
384350
383621
189828
412894
361103
392722
338560
264535
458755
130599
456559
101068
140640
338986
79837
21903
337055
34139
80340
121031
464089
453708
261116
29640
43314
273715
456303
406611
475064
466567
137246
226147
162092
263969
551439
474167
554735
386352
311394
578489
491366
448076
221291
141821
410650
199310
89648
520264
151000
100624
332570
117645
202228
403565
441586
530099
97679
99054
570539
158548
559956
11197
483667
448810
375278
302165
21167
384468
253742
186873
64462
314182
68387
345466
118367
163640
1490
329456
570471
260470
252776
201072
18150
521405
518770
201646
36936
59044
172946
234607
532690
323895
384670
50326
162035
415727
46252
182021
90284
286553
450686
5060
286523
120420
579655
117908
297578
458992
164602
101762
203317
36494
210032
488270
67180
126226
190923
150265
38048
525155
163314
259571
236166
153529
379800
253835
569565
205647
123131
334006
174004
9769
558114
163257
361551
342971
361919
138115
374369
123213
357742
439854
465836
414385
322724
481390
276434
579635
295316
183127
115898
146358
329542
189752
290163
91406
223959
326248
218439
293625
411817
215259
573094
147729
579307
154425
432898
404923
130586
163057
7511
67406
248752
54593
450303
137294
311180
210273
352584
446651
194875
52017
336309
227478
327601
255749
8762
526392
580757
165039
148719
108440
489842
579818
423229
323828
334555
196759
61418
526751
277020
183716
271997
8532
390555
250282
68409
2299
11051
360960
504589
23034
506656
272566
424551
341719
72795
43816
455555
535306
30504
93353
473118
97278
567640
532493
45550
156643
156076
143572
229849
39551
193348
341681
83172
343524
395801
388056
259690
235836
343218
205105
497599
232684
144784
167486
488673
191013
224807
163562
492362
232563
520910
131273
206411
472375
17436
177934
165518
571718
459467
134886
289222
372819
310072
87144
430875
60347
42070
420916
296224
122606
311909
439715
284991
78843
225532
13659
395633
419096
466125
414795
508101
351810
338624
378454
247917
439522
26690
558854
176901
334767
301563
86755
194471
420281
99810
334483
482275
404805
2261
425702
12576
361238
108253
3934
47740
14439
447314
181303
58350
26465
246968
286182
433980
380913
32887
213035
399205
350002
356248
334399
57150
363666
169996
226417
481573
123480
274687
493286
230008
284698
102356
456394
323709
452122
579158
525322
8690
381639
284445
468124
187144
273198
95843
417779
447342
490125
183675
290248
532058
214200
578093
369751
429011
301061
105264
25393
471087
106757
183648
358525
519688
130699
405249
235784
537506
119445
507015
173830
373315
13546
67310
125936
389109
128476
414034
99182
99039
351823
65736
1000
559543
185890
357978
129492
261097
410510
39951
306700
146457
334309
301718
93437
413552
89556
86220
508602
17178
507975
314177
313182
538364
149406
103548
568439
372317
476704
260266
106048
177893
315450
171050
243867
263594
147725
88432
138979
100283
563653
345361
113051
73702
521141
61268
393093
493566
198510
126592
416269
133567
521052
415990
460147
190140
32901
84270
267191
422836
213547
456015
547886
69356
162415
274708
377113
439994
430377
512776
95155
184978
199055
431848
128699
424521
73946
230819
82715
27696
62808
497344
361147
541123
10707
343706
199395
514797
486104
514586
279774
474078
872
32038
261732
12120
306139
564091
280930
384136
173057
228214
183709
57672
138639
283785
139099
467511
291791
343934
273551
513580
213816
101787
522751
566436
503841
274272
127092
507797
315492
369675
151857
505638
475387
70254
539143
508917
448410
316054
201148
231169
511999
488664
444879
287874
297022
407083
212226
394206
220858
289741
453166
6894
279927
161032
437239
382111
317433
132408
191288
260106
100510
441442
140270
553990
97924
331799
326542
576566
327306
94944
151051
93717
394510
18193
160728
403584
40757
342128
35279
503755
320642
494759
409542
119995
369323
127270
300039
259597
297084
168337
419974
226408
54654
152771
309391
480944
554291
502599
537964
542423
344909
140556
19109
206994
523241
67616
413395
469067
448256
549390
201418
364102
13291
440336
488251
229601
427160
437205
434204
289417
309467
473121
327605
451084
22479
243148
249786
581062
185950
44195
364126
354307
170191
201426
179487
445999
91500
557916
99024
305309
311928
196141
136915
533816
522889
548246
37988
325838
527427
74256
154644
474039
461751
466986
229358
465179
567197
498286
153217
206487
455085
542856
427500
15517
213605
389532
39670
429718
410456
441286
885
378284
563604
78565
116439
274219
105923
166664
143961
212573
319369
252716
64868
205324
61584
244099
50679
10764
537827
329827
500270
308165
544444
378244
90956
313562
258388
273711
358195
3553
253819
278705
187990
51938
188296
45090
347174
341196
439525
329455
302990
262587
117719
309678
113720
107339
468501
511760
361730
427077
203931
322163
346968
229216
563882
483999
58705
323263
248334
400803
422706
78823
178982
408696
144300
7816
152120
308631
517523
5477
391375
69138
432553
315187
76417
196843
138550
244019
439623
343315
340451
436883
459500
338718
50165
158956
311883
100723
431896
442456
79229
188439
151480
46872
489014
289229
281929
257896
393115
370813
442746
369541
381971
396863
51712
282037
476770
220764
312720
568981
461009
563648
532855
38210
563349
250901
74457
190007
177357
493864
102820
381360
304812
258883
55950
175251
467176
368212
190637
300341
445792
284743
65798
312192
341828
546976
52996
423123
232649
70774
172330
192699
44652
319607
302452
201934
353180
423519
441468
277005
484893
221213
534639
106281
570664
563702
445722
496597
21604
267940
455157
103723
530162
273232
266981
184611
163118
6954
128654
459195
481582
188465
411530
542127
130579
451043
434459
552842
190841
38678
161799
350148
87476
490515
445602
37689
400044
210230
468505
80273
193429
69224
517056
187362
21879
252701
398203
463802
96427
189775
376900
494913
359540
427997
340894
174371
168883
356424
496571
492077
383606
561256
357737
365642
410878
48924
459634
488385
520009
362682
