# Model: yolov5n
# Num images: 1000
# Generated: 2026-01-07 01:39:38.752930
#==================================================
397133
37777
252219
174482
403385
6818
480985
296649
386912
502136
491497
348881
522713
181666
17627
143931
303818
463730
460347
322864
153299
308394
456496
41888
184321
565778
297343
336587
122745
555705
443303
500663
418281
25560
403817
85329
329323
286994
511321
314294
233771
475779
301867
312421
185250
356427
572517
270244
516316
562121
360661
16228
382088
266409
430961
80671
476258
448365
35197
349860
180135
486438
400573
109798
370677
238866
515579
515445
438862
180560
39956
474028
514508
473237
206027
78915
551215
544519
96493
340175
578500
366141
57597
559842
434230
428454
399462
261061
168330
383384
342006
217285
236412
153343
95786
326541
231339
508730
550426
368294
171190
301135
580294
494869
33638
329219
186980
127182
356387
367680
487583
363840
214720
379453
311295
29393
278848
166391
223130
198960
344059
410428
87875
450758
460160
458109
30675
566524
338428
476415
292082
122046
352684
512836
8021
107226
84477
562243
181859
292236
288042
453860
125062
375015
334719
283520
31269
319721
347265
414170
231508
389381
118921
785
105014
261982
99242
314709
460494
339442
541055
409475
378605
331817
218091
578545
363207
372577
172571
294831
84431
323355
355325
4495
9483
326082
398237
239537
537991
321333
521282
108026
177935
38829
397327
501523
555050
187243
42276
534827
482917
300659
199977
384350
383621
412894
537153
361103
392722
338560
264535
295231
154947
212559
130599
227187
523811
456559
101068
140640
516708
385190
338986
53994
152740
24919
79837
21903
564133
110638
34139
80340
83113
255664
72813
545129
546011
121031
369081
509131
578922
464089
453708
261116
29640
308430
43314
273715
475064
137246
226147
127517
162092
366611
551439
474167
554735
386352
173004
311394
578489
189310
448076
293804
221291
141821
199310
323151
219283
471869
520264
111179
151000
100624
332570
57238
135561
173044
168458
512194
370042
117645
221708
202228
403565
211042
492878
441586
547816
306733
530099
97679
564127
251065
3845
205834
166521
485802
22969
278353
158548
461405
176606
44699
559956
11197
483667
448810
724
51961
302165
131131
98839
402992
240754
21167
384468
253742
186873
82180
446522
552902
125405
110211
16010
64462
314182
68387
345466
352900
118367
113235
163640
1490
329456
570471
260470
193494
252776
201072
18150
337498
518770
201646
36936
59044
172946
532690
323895
384670
50326
205542
217957
162035
415727
46252
182021
90284
286553
488736
63602
383386
5060
579655
550322
213224
297578
458992
164602
440475
101762
557501
203317
368940
569917
144798
284623
63740
36494
488270
67180
64359
126226
150265
216739
38048
525155
259571
153529
473015
379800
253835
36861
205647
460841
123131
334006
137576
87470
9769
163257
475678
85478
318080
361551
560266
486479
342971
11760
69106
70158
281447
552371
361919
138115
374369
123213
357742
439854
465836
414385
322724
481390
276434
579635
295316
571313
183127
115898
189752
290163
91406
322352
223959
326248
453722
293625
411817
546964
215259
573094
560011
38576
147729
579307
154425
432898
404923
130586
163057
7511
67406
290179
248752
54593
116208
340697
450303
494427
137294
410880
181796
2431
298396
472046
74058
58029
134096
111951
103585
210273
446651
52017
336309
227478
339870
33707
327601
255749
8762
526392
535578
580757
165039
148719
489842
423229
166287
334555
196759
61418
526751
277020
47828
183716
271997
8532
94336
390555
250282
68409
2299
11051
66038
360960
504589
464522
454750
509735
23034
141671
506656
272566
424551
341719
72795
417285
2157
43816
455555
535306
30504
473118
91779
283113
97278
567640
532493
45550
156643
430056
410456
441286
279541
885
156076
39551
56344
193348
16958
341681
83172
343524
395801
388056
235836
343218
205105
371677
308531
455352
236914
232684
290843
519522
167486
392228
488673
191013
163562
136355
492362
232563
10977
51598
32285
520910
206411
17436
177934
165518
571718
134886
485895
287545
577182
289222
372819
310072
87144
430875
60347
42070
420916
296224
122606
311909
579893
284296
315001
439715
389566
122927
225532
13659
203488
361268
414795
508101
338624
138492
226592
378454
20059
227686
476215
247917
439522
479448
26690
558854
176901
334767
301563
86755
194471
420281
533206
99810
334483
404805
2261
36844
12576
361238
108253
319935
3934
29596
77460
14439
447314
181303
58350
26465
246968
536947
286182
380913
32887
517687
213035
399205
349837
350002
131431
356248
334399
363666
507235
169996
226417
481573
123480
178028
345027
140658
102644
581615
279887
230008
323709
452122
525322
381639
217614
284445
187144
273198
95843
417779
447342
490125
561009
183675
214200
578093
369751
429011
301061
105264
267434
25393
471087
106757
183648
49269
79144
130699
215245
91921
218424
473974
405249
235784
537506
119445
507015
173830
356498
373315
13546
67310
125936
389109
184384
128476
450488
51738
99039
134882
442323
351823
65736
1000
379842
13923
559543
185890
357978
129492
410510
39951
306700
146457
214224
332845
187271
462629
544565
369771
289516
334309
301718
429598
93437
413552
62025
17379
176778
104572
90108
89556
86220
508602
10363
17178
507975
314177
313182
538364
149406
180383
449996
168619
209613
469652
15338
512564
568439
372317
476704
260266
106048
177893
479099
269196
315450
171050
243867
263594
147725
88432
272364
138979
519491
100283
563653
23230
73702
521141
61268
393093
493566
191471
11122
126592
416269
133567
521052
415990
187236
271728
77595
278463
190140
476810
126216
32901
407960
84270
267191
422836
493613
317024
463522
213547
456015
547886
124975
378453
69356
162415
274708
377113
79651
104669
430377
512776
95155
184978
199055
431848
333772
128699
176799
424521
523807
73946
230819
82715
85195
50828
27696
62808
497344
361147
163611
10707
409630
199395
514797
514586
279774
474078
872
32038
261732
346638
306139
564091
280930
113867
159282
349678
384136
173057
475572
405691
228214
183709
57672
138639
110884
462614
467511
59920
273551
513580
194832
77396
101787
221754
522751
503841
274272
127092
507797
369675
151857
505638
475387
70254
539143
508917
316054
201148
231169
511999
488664
444879
287874
297022
212226
394206
220858
244411
453166
133631
279927
161032
415748
460927
437239
348243
382111
317433
132408
191288
260106
100510
441442
140270
553990
97924
331799
326542
327306
567825
485972
94944
151051
93717
394510
18193
234779
43435
403584
342128
35279
503755
24610
320642
322895
97337
235778
547144
541952
494759
409542
427055
119995
369323
127270
413247
179653
400922
259597
297084
168337
419974
173302
237928
54654
167898
152771
117914
309391
480944
568690
382122
234807
213935
417043
393282
78032
537964
542423
344909
140556
277051
82696
407518
19109
206994
523241
67616
258793
433774
559099
448256
549390
401991
545730
364102
13291
440336
148783
325306
488251
229601
427160
437205
434204
289417
309467
473121
327605
451084
243148
581062
185950
44195
451150
148957
364126
483531
170191
201426
179487
